Name,age,phone_number,company,building_code,address
Oswald,53,1-299-822-6474,Kihn Kihn and Kihn,8815,North Seamusmouth
Sarina,73,(609) 423-8971,Reichel Inc,61418,Heavenborough
Ebba,75,(088) 250-0396,Rosenbaum LLC,712,Port Chadd
Estelle,77,1-329-088-5508,Rowe Rowe and Rowe,42100,West Bryana
Gladys,69,968-151-1125,Pagac Pagac and Pagac,119,Schinnermouth
Mikel,33,808-289-9414,Marquardt Group,274,Dejonfurt
Theo,19,(937) 527-6970,Schaefer-Schaefer,343,Lake Dannie
Herbert,78,(767) 993-9429,Johnston-Johnston,141,Johnniechester
Jalon,57,382.654.4010,Parker-Parker,9345,West Braxton
Silas,20,542-418-3803,Satterfield-Satterfield,763,VonRuedenburgh
Berta,73,605.485.3378,Wisoky-Wisoky,480,North Devonteview
Tiara,76,727-553-9291,Runolfsson-Runolfsson,6364,Goyetteton
Myriam,50,058-285-5261,Feest Feest and Feest,3926,Laurentown
Junius,60,028.994.1476,Koelpin Koelpin and Koelpin,950,New Lennachester
Myrtie,52,(681) 609-8303,Stiedemann-Stiedemann,240,Lake Armandhaven
Cruz,54,1-951-019-7743,Champlin Group,8487,Port Olaf
Marge,59,640-625-9974,Emard Emard and Emard,7418,Browntown
Janelle,58,(820) 333-4248,Effertz and Sons,234,Port Madisyn
Daren,19,(609) 431-8887,Crona Crona and Crona,256,Haagshire
Louie,34,1-062-567-3623,Lockman Lockman and Lockman,61099,East Jarrett
Mallory,40,(637) 115-0378,Hoeger Hoeger and Hoeger,73157,Brycefurt
Hilario,46,1-847-673-2310,Collins Collins and Collins,90367,Felicitymouth
Chanelle,51,746-418-7635,Treutel-Treutel,1294,South Skylafort
Van,65,484.853.5660,Bergstrom LLC,6432,Jarenstad
Garret,65,1-670-764-3188,Bartell and Sons,091,South Hectorborough
Hailey,36,945.491.6383,Zieme Zieme and Zieme,3456,Oberbrunnerville
Domenica,21,(843) 508-2269,Kemmer Kemmer and Kemmer,8544,New Kennedyshire
Presley,74,498.318.7378,Kilback LLC,64454,Lake Garrettton
Tamara,68,1-677-917-2399,Jaskolski Jaskolski and Jaskolski,82039,New Briana
Waldo,33,442-585-7615,Gibson Gibson and Gibson,290,Port Clarkville
